17:00        12357.52       4411.83          32858.52
17:01        11180.59       4291.62          33968.84
17:02        10047.07       4154.36          34942.43
17:03         8955.36       3997.22          35801.21
17:04         7900.14       3817.78          36564.37
17:05         6873.05       3614.61          37247.65
17:06         5863.54       3387.64          37862.92
17:07         4859.45       3138.34          38417.88
17:08          3847.5       2869.75          38915.98
17:09         2813.52       2586.26          39356.16
17:10         1742.81       2293.22           39732.3
17:11          620.83       1996.42          40032.49
17:12          -565.4       1701.59          40238.19
17:13        -1825.14       1413.99          40324.18
17:14        -3161.28        1138.1          40259.52
17:15         -4567.7        877.66          40010.37
17:16        -6027.73        635.73          39544.19
17:17        -7514.34        414.94          38835.02
17:18        -8992.51        217.66          37868.56
17:19        10423.68         46.11          36645.67
17:20         11771.3        -97.78          35183.41
17:21        13006.39       -212.59          33512.98
17:22        14111.63       -297.78          31675.06
17:23        15083.25       -353.96          29713.53
17:24        15930.25       -383.12          27668.97
17:25        16671.36       -388.63          25573.41
17:26        17330.72       -375.15          23447.14
17:27        17933.14       -348.34          21297.92
17:28         18500.1       -314.55          19122.33
17:29        19046.76       -280.58           16908.5
17:30        19580.41       -253.32          14639.62
17:31           20100       -239.55          12297.53
17:32        20596.68       -245.64           9866.04
17:33           21055       -277.22           7333.87
17:34         21454.8       -338.77           4696.84
17:35        21773.54       -433.21           1959.37
17:36        21988.96       -561.61           -865.12
17:37        22081.73       -723.03          -3754.89
17:38        22037.74       -914.62          -6681.79
17:39        21849.52       1131.97          -9613.99
17:40        21516.58       1369.69          -12519.1
17:41        21044.75       1622.07         -15367.07
17:42        20444.55       1883.67         -18132.37
17:43        19729.16       2149.82         -20795.29
17:44        18912.33       2416.89         -23342.07
17:45        18006.45       2682.29          -25764.3
17:46        17021.08       2944.43          -28057.6
17:47        15961.88       3202.45         -30219.86
17:48        14830.08       3456.03          -32249.1
17:49        13622.57        3705.2         -34141.16
17:50         12332.8       3950.11         -35887.35
17:51        10952.61       4190.86         -37472.56
17:52           -9475       4427.24         -38874.28
17:53        -7897.25       4658.44         -40063.06
17:54        -6224.16       4882.84         -41004.73
17:55        -4470.32       5097.73         -41664.11
17:56        -2660.99       5299.39         -42009.77
17:57         -831.17       5483.15         -42018.94
17:58          976.97       5643.85         -41681.58
17:59         2717.82       5776.29         -41002.87
18:00          4346.6       5875.81         -40003.78
18:01         5823.27       5938.68         -38719.84
18:02         7115.71       5962.38         -37198.38
18:03         8201.81       5945.58         -35495.04
18:04         9070.51       5887.92         -33669.78
18:05         9721.78       5789.63         -31783.13
18:06        10165.87       5651.28         -29892.67
18:07        10421.74       5473.46         -28050.25
18:08        10515.07       5256.74         -26299.95
18:09        10476.02       5001.81         -24677.02
18:10        10337.15       4709.66         -23207.85
18:11        10131.98       4381.83         -21910.72
18:12         9894.42       4020.61         -20796.71
18:13         9659.16       3629.04         -19870.35
18:14         9462.53       3210.82         -19129.12
18:15         9343.17        2770.1         -18561.77
18:16         9341.64       2311.22         -18145.62
18:17         9498.29       1838.57         -17843.71
18:18          9849.3       1356.42         -17603.07
18:19        10421.31          -869         -17355.17
18:20        11225.88       -380.59         -17019.45
18:21        12254.89        104.29         -16509.71
18:22        13478.38        580.77         -15742.72
18:23        14845.43        1043.6         -14647.58
18:24        16288.07       1487.16         -13174.12
18:25        17727.82       1905.69         -11298.85
18:26        19083.55       2293.46          -9027.63
18:27        20279.47       2645.14          -6394.73
18:28        21251.96       2955.99          -3458.67
18:29        21954.66       3222.15           -295.74
18:30        22361.06       3440.83           3007.82
18:31        22464.79        3610.4           6363.68
18:32        22277.82        3730.5           9688.67
18:33        21827.01       3802.02          12910.44
18:34        21149.77       3827.08          15971.29
18:35        20289.26       3808.88          18829.96
18:36           19290       3751.54          21461.56
18:37        18194.13       3659.88          23855.99
18:38        17038.69       3539.12          26015.37
18:39        15853.95       3394.67          27951.07
18:40        14662.64       3231.88          29680.69
18:41        13479.91       3055.92           31225.2
18:42        12313.78       2871.69          32606.59
18:43        11165.95       2683.81           33845.7
18:44        10033.02       2496.63          34960.65
18:45         8907.85       2314.21          35965.63
18:46         7781.12       2140.31          36870.33
18:47          6642.7       1978.24             37680
18:48         5482.66       1830.82          38395.86
18:49         4291.73       1700.13          39015.71
18:50         3061.31       1587.49          39534.18
18:51         1783.33       1493.32          39942.45
18:52          450.51       1417.19          40227.48
18:53         -942.51       1357.88          40371.11
18:54        -2397.17       1313.51          40349.97
18:55        -3908.35       1281.67          40136.76
18:56        -5462.09       1259.52          39703.47
18:57        -7034.56       1243.92          39026.16
18:58        -8593.25       1231.51          38090.35
18:59        10100.51       1218.83          36895.61
19:00        11518.94       1202.42           35457.8
19:01        12817.41       1179.06          33808.17
19:02        13976.21       1145.94          31989.23
19:03        14989.91       1100.94          30048.21
19:04        15867.43        1042.8          28029.96
19:05         16629.3        971.29           25970.6
19:06         17303.2        887.13           23893.5
19:07        17918.84        791.94          21807.86
19:08        18503.37        687.94          19709.81
19:09        19078.05        577.61             17585
19:10        19656.23        463.28          15412.07
19:11        20242.47        346.82          13166.03
19:12        20832.32        229.34          10821.56
19:13         21412.6           111           8356.09
19:14        21962.21         -8.94           5752.85
19:15        22453.65       -132.02           3003.78
19:16        22855.47       -260.29            111.93
19:17        23135.62       -395.92          -2907.19
19:18        23265.27       -540.84          -6025.98
19:19         23222.3       -696.33          -9206.78
19:20        22993.87       -862.76         -12405.52
19:21        22577.38       1039.43         -15576.28
19:22        21979.73       1224.63         -18675.68
19:23        21215.24       1415.72         -21666.39
19:24        20302.59       1609.51         -24519.25
19:25        19261.74       1802.46         -27213.78
19:26        18111.05       1991.06         -29737.26
19:27        16865.22       2171.97         -32082.89
19:28        15533.89       2342.19         -34247.21
19:29         14121.3       2499.03         -36227.27
19:30        12626.74       2640.16         -38017.69
19:31        11046.17       2763.47         -39608.03
19:32        -9374.77       2867.11         -40980.99
19:33        -7610.38       2949.49         -42111.93
19:34         -5757.2       3009.34         -42970.12
19:35        -3829.02        3045.8         -43522.06
19:36        -1851.09       3058.55         -43736.23
19:37          139.95       3047.86         -43588.73
19:38         2098.33       3014.71         -43068.46
19:39          3973.3       2960.78         -42180.77
19:40         5714.18       2888.46         -40948.87
19:41         7275.48       2800.77         -39412.67
19:42         8620.93       2701.18         -37625.55
19:43          9725.9       2593.38         -35649.87
19:44        10578.16        2480.9         -33552.24
19:45        11177.28       2366.82         -31399.34
19:46        11533.18       2253.47         -29254.71
19:47        11664.56       2142.32         -27176.57
19:48        11597.45       2034.14         -25216.31
19:49        11364.11       1929.28         -23417.33
19:50           11002       1828.28            -21814
19:51        10552.67       1732.31         -20430.53
19:52        10060.51       1643.47         -19279.97
19:53            9571       1564.72         -18363.56
19:54         9128.94       1499.32         -17670.58
19:55         8776.58       1449.83         -17178.74
19:56         8551.89       1416.95         -16855.12
19:57         8487.15       1398.54         -16657.49
19:58         8607.73       1388.99         -16535.75
19:59         8931.02       1379.42          -16433.6
20:00          9465.3       1358.63         -16290.19
20:01        10208.66       1314.73          -16042.3
20:02        11147.87       1237.15         -15626.77
20:03         12257.6       1118.51         -14983.79
20:04        13500.27       -956.02         -14060.68
20:05        14826.95       -752.07         -12816.09
20:06        16179.59       -513.85         -11224.06
20:07        17494.62       -252.26          -9277.35
20:08         18707.7         19.73          -6989.29
20:09        19759.07        288.84          -4393.61
20:10        20598.72        543.01          -1542.04
20:11        21190.55        772.41           1500.09
20:12         21514.8        969.95           4659.75
20:13        21568.54       1131.25           7862.68
20:14           21364       1254.18          11039.42
20:15        20925.33       1338.39          14130.04
20:16        20284.48       1384.77          17087.14
20:17        19476.82       1395.12          19876.89
20:18        18537.31       1371.99          22478.28
20:19         17497.6       1318.76          24881.21
20:20        16384.26       1239.84          27083.79
20:21        15218.13       1140.86          29089.49
20:22        14014.67       1028.86          30904.59
20:23        12784.92         912.2          32536.22
20:24        11536.89        800.37          33991.26
20:25        10276.88        703.43          35275.99
20:26         9010.47        631.33          36396.63
20:27         7742.74        593.03          37360.15
20:28          6477.8        595.69          38175.08
20:29         5217.55        643.93          38851.54
20:30         3960.34        739.49          39400.34
20:31         2700.03        881.11          39830.85
20:32         1426.15       1064.83          40148.17
20:33          125.55       1284.54          40350.46
20:34        -1214.64        1532.5          40427.19
20:35        -2603.26          1800          40359.46
20:36        -4041.64       2077.73          40122.52
20:37        -5521.49       2356.08          39690.12
20:38        -7024.84       2625.32          39039.88
20:39        -8526.35       2875.76          38158.06
20:40        -9997.27       3098.06          37042.75
20:41        11410.23       3283.64          35704.39
20:42        12743.44       3425.24          34163.84
20:43         13983.5       3517.47          32448.51
20:44        15126.11       3557.36          30587.69
20:45        16175.01       3544.51           28608.3
20:46        17139.61       3481.17          26531.85
20:47        18032.16       3371.88          24372.96
20:48        18865.16       3222.98          22139.28
20:49        19649.45       3042.03          19832.31
20:50         20392.9       2837.21          17448.61
20:51        21099.56       2616.79          14981.18
20:52         21769.1       2388.69          12420.78
20:53        22396.24       2160.08           9757.42
20:54        22970.37       1937.06           6982.19
20:55         23475.6       1724.31           4089.38
20:56        23891.48        1524.9           1078.82
20:57        24194.48       1340.16          -2042.15
20:58        24360.24       1169.79          -5257.38
20:59        24366.24       1012.15          -8541.69
21:00        24194.41        864.78         -11861.95
21:01        23833.19        725.02         -15179.25
21:02        23278.73         590.6         -18451.97
21:03        22534.94        460.14         -21638.92
21:04        21612.49        333.51         -24702.43
21:05        20526.87        211.87          -27610.5
21:06        19296.03         97.67         -30337.96
21:07        17937.83         -5.58         -32866.34
21:08        16467.92        -93.56         -35182.54
21:09        14898.45       -161.45         -37276.61
21:10        13237.76       -204.28         -39139.02
21:11        11491.41       -217.32         -40758.18
21:12        -9664.19       -196.57          -42118.6
21:13         -7762.9       -139.27         -43200.49
21:14        -5799.25        -44.39         -43980.92
21:15        -3792.19          86.9         -44436.56
21:16        -1769.02           251         -44547.64
21:17          234.98        441.92         -44302.24
21:18          2178.8        651.53         -43700.17
21:19         4019.11        870.01         -42755.43
21:20         5714.52       1086.55         -41496.75
21:21         7229.61       1289.97         -39965.97
21:22         8538.04       1469.44         -38214.74
21:23         9624.17       1615.04         -36300.13
21:24        10482.98       1718.23         -34280.21
21:25        11118.76       1772.33          -32210.5
21:26        11543.02        1772.8         -30141.69
21:27        11772.56       1717.48         -28118.87
21:28        11828.26       1606.72         -26181.61
21:29        11734.78       1443.36         -24364.27
21:30        11520.92       1232.44         -22695.71
21:31        11219.98        980.83         -21198.13
21:32         10869.5        696.71          -19885.1
21:33        10509.73        388.92         -18759.44
21:34        10180.82         66.41         -17811.93
21:35         9919.43       -262.22         -17021.52
21:36          9755.4       -589.13         -16357.51
21:37         9709.78       -907.34         -15783.09
21:38         9794.57       1210.87         -15259.47
21:39        10014.24       1494.68         -14749.17
21:40        10368.34       1754.56          -14217.6
21:41        10853.94       1986.99         -13632.61
21:42        11466.79       2188.97         -12962.53
21:43        12200.64       2357.78         -12174.01
21:44        13044.83        2490.9         -11230.99
21:45        13981.13       2585.83            -10096
21:46        14981.24       2640.24          -8733.91
21:47        16006.26       2652.23          -7117.41
21:48        17008.85       2620.72           -5232.6
21:49        17937.81       2546.12          -3083.16
21:50        18744.13       2430.78           -691.49
21:51        19386.78       2279.45           1903.39
21:52         19837.1       2099.27            4650.8
21:53        20080.44        1899.5           7494.79
21:54         20115.3       1690.67          10380.44
21:55        19950.36       1483.61           13258.6
21:56        19600.55       1288.22          16088.41
21:57        19083.26       1112.39          18837.62
21:58        18415.62       -961.23           21481.1
21:59        17613.03       -836.62          23998.71
22:00        16689.05       -737.23          26373.03
22:01        15656.18       -658.93          28587.72
22:02        14527.17       -595.39           30626.8
22:03        13316.37       -538.88          32474.84
22:04        12040.86       -480.98          34118.05
22:05        10720.96       -413.22          35546.17
22:06         9379.86       -327.62          36754.59
22:07         8042.22       -217.03          37746.49
22:08         6731.64        -75.42          38534.15
22:09         5467.57        101.93          39138.85
22:10         4261.94        318.31           39588.9
22:11         3116.84        575.41          39915.94
22:12         2023.62        873.17          40149.89
22:13          964.22       1209.74          40313.84
22:14          -85.57       1581.32          40419.94
22:15        -1151.53        1982.2          40467.44
22:16         -2256.2       2404.82          40443.43
22:17        -3414.99       2839.98          40325.81
22:18        -4634.16       3277.24          40087.97
22:19        -5910.88       3705.45          39703.58
22:20        -7235.07       4113.34          39150.65
22:21        -8592.35       4490.25          38413.78
22:22        -9967.09       4826.72          37484.62
22:23        11344.83          5115          36360.72
22:24         12713.6       5349.34          35043.54
22:25        14064.07       5526.08          33536.31
22:26        15388.89       5643.62          31842.37
22:27        16681.46       5702.19          29964.26
22:28         17934.8       5703.72          27903.67
22:29        19140.59        5651.6          25661.93
22:30         20288.7       5550.61          23240.97
22:31        21367.11       5406.76          20644.33
22:32        22362.31       5227.17          17878.03
22:33        23259.91       5019.77          14951.13
22:34        24045.31       4792.93          11875.92
22:35        24704.34       4554.93           8667.82
22:36        25223.64       4313.46           5344.93
22:37         25590.8        4075.1           1927.73
22:38        25794.31       3845.07           -1561.2
22:39        25823.51       3627.21          -5097.03
22:40        25668.75       3424.19          -8652.39
22:41           25322       3238.04         -12196.96
22:42        24777.85       3070.67         -15697.43
22:43        24034.64        2924.4         -19117.93
22:44        23095.64       2802.28         -22421.26
22:45         21969.5       2708.22         -25570.61
22:46        20670.12       2646.68         -28531.57
22:47        19215.54       2622.31         -31273.77
22:48        17626.39       2639.33          -33771.9
22:49        15924.17       2700.98         -36005.77
22:50        14129.87       2808.96          -37959.5
22:51        12263.41       2963.09         -39620.32
22:52        10343.91       3161.15         -40977.41
22:53        -8390.68       3398.85         -42021.29
22:54        -6424.48       3669.94         -42744.21
22:55        -4468.62       3966.47         -43141.45
22:56        -2549.33       4279.02         -43213.23
22:57         -695.14       4597.12         -42966.92
22:58         1064.71       4909.56         -42418.72
22:59         2702.73       5204.81         -41594.37
23:00         4195.93       5471.42         -40528.55
23:01         5528.41       5698.38          -39262.7
23:02         6692.99       5875.51         -37841.72
23:03         7691.65       5993.75         -36309.94
23:04         8534.37       6045.49         -34707.29
23:05         9236.69       6024.88         -33066.42
23:06         9816.51       5928.21         -31411.49
23:07        10290.99       5754.22         -29758.85
23:08        10674.27       5504.49         -28119.26
23:09        10976.76       5183.69         -26501.04
23:10        11206.07       4799.66         -24912.87
23:11        11369.07       4363.19         -23365.52
23:12        11474.48       3887.47         -21871.83
23:13        11534.86       3387.19         -20444.92
23:14         11567.4       2877.41         -19095.48
23:15        11593.13       2372.28         -17828.81
23:16        11634.97       1883.97          -16642.8
23:17        11715.14       1421.78         -15527.29
23:18         11852.9        991.85         -14464.78
23:19        12062.94        597.34         -13432.16
23:20        12354.76         239.1          -12402.6
23:21        12732.63        -83.42          -11347.3
23:22        13195.66        -371.1         -10236.64
23:23         13737.6       -624.35          -9041.24
23:24        14346.39       -842.65          -7733.23
23:25         15003.7       1024.51          -6288.17
23:26        15685.09       1167.96          -4687.56
23:27        16361.39       1271.23          -2921.37
23:28        17001.22       1333.51           -990.02
23:29        17574.38       1355.66           1095.36
23:30        18055.21       1340.42           3314.34
23:31        18424.98       1292.37           5640.37
23:32        18672.62        1217.4           8044.66
23:33        18793.73       1121.97          10499.78
23:34        18788.16       1012.31          12981.85
23:35        18657.32       -893.72          15470.95
23:36        18401.97       -770.13          17949.83
23:37        18021.23       -644.03          20401.74
23:38        17512.95       -516.64          22808.14
23:39        16875.14       -388.32          25147.36
23:40        16107.76       -259.01          27394.29
23:41        15214.44       -128.65          29521.29
23:42        14203.61          2.64          31499.88
23:43           13089        134.53          33302.78
23:44        11889.73        266.66          34906.07
23:45        10629.82        398.89          36291.31
23:46         9337.41        531.62          37447.66
23:47         8043.22        666.02          38373.84
23:48         6778.31        804.17          39079.56
23:49         5570.97        948.96          39585.98
23:50         4443.28       1104.01          39924.56
23:51         3407.82       1273.29          40134.13
23:52         2465.53       1460.74          40256.38
23:53         1605.27       1669.81          40330.48
23:54          805.36       1902.95          40387.96
23:55           36.81       2161.12          40448.76
23:56         -732.47       2443.43          40519.43
23:57        -1533.46       2746.86          40593.48
23:58        -2392.62       3066.23          40653.43
23:59        -3329.88       3394.44          40674.08
00:00        -4357.92        3722.9          40625.78
00:01        -5482.59       4042.26           40477.3
00:02        -6703.86       4343.16          40197.86
00:03        -8016.88        4617.1          39758.31
00:04        -9412.99       4857.15          39131.81
00:05        10880.22       5058.39          38294.12
00:06        12403.75       5218.18          37223.86
00:07         13966.1       5336.01          35902.88
00:08        15547.23        5413.2          34316.63
00:09        17124.67       5452.38          32454.76
00:10        18673.74       5456.94          30311.82
00:11        20167.96       5430.59          27887.92
00:12        21579.68          5377          25189.51
00:13        22881.07       5299.72          22229.69
00:14        24045.26       5202.22          19028.28
00:15        25047.43       5088.19          15611.25
00:16         25865.7       4961.82          12009.72
00:17        26481.45       4828.15            8258.8
00:18        26879.23       4693.25           4396.64
00:19        27046.47       4564.25            463.88
00:20        26973.27       4449.22          -3496.25
00:21        26652.79       4356.73          -7437.58
00:22        26082.36       4295.37          -11310.9
00:23        25265.11       4273.15          -15064.5
00:24        24211.65       4296.87         -18646.01
00:25        22941.14       4371.69         -22005.23
00:26        21481.26       4500.68         -25097.63
00:27        19866.67       4684.72         -27887.77
00:28        18136.26       4922.41          -30351.7
00:29         16329.8       5210.18          -32477.7
00:30        14484.64       5542.52         -34265.44
00:31        12633.37       5912.14         -35723.65
00:32        10802.71       6310.32         -36867.18
00:33        -9013.71       6727.13         -37714.13
00:34        -7282.93       7151.81         -38283.88
00:35        -5623.94       7573.12         -38596.17
00:36        -4048.65       7979.73         -38671.32
00:37         -2567.9       8360.71         -38531.06
00:38         -1191.2       8705.91         -38199.56
00:39           74.28       9006.41         -37703.95
00:40         1225.28       9254.79         -37074.01
00:41         2263.91       9445.32         -36340.76
00:42         3198.64       9574.09         -35534.08
00:43         4044.29       9638.95          -34679.6
00:44         4820.78       9639.41         -33795.72
00:45         5550.46       9576.54         -32891.32
00:46         6254.68        9452.8         -31964.98
00:47         6950.02       9271.96         -31006.17
00:48         7645.14       9039.04          -29998.5
00:49          8339.3       8760.21          -28924.4
00:50         9022.82       8442.72         -27770.29
00:51         9679.77       8094.71         -26530.98
00:52        10292.22       7725.02         -25212.05
00:53        10845.03       7342.76         -23829.67
00:54        11330.03       6956.85         -22407.81
00:55        11748.52       6575.56         -20973.48
00:56        12111.57       6205.96         -19551.32
00:57        12438.08       5853.64         -18158.76
00:58        12751.41       5522.44         -16802.84
00:59         13075.2       5214.59         -15479.11
01:00        13429.62       4930.97         -14172.73
01:01        13828.48       4671.48         -12861.13
01:02        14277.72       4435.57         -11517.45
01:03        14775.08       4222.59         -10114.24
01:04        15310.99       4032.02          -8626.64
01:05        15870.06       3863.47          -7034.85
01:06        16433.05       3716.52          -5325.75
01:07        16979.04       3590.46          -3493.48
01:08        17487.36       3484.05          -1539.26
01:09        17939.22       3395.48            529.64
01:10        18318.71       3322.51           2701.36
01:11        18613.13       3262.79           4961.05
01:12        18812.67       3214.34           7292.19
01:13        18909.71       3175.93           9677.43
01:14        18898.17       3147.28          12098.74
01:15        18773.05          3129          14537.18
01:16        18530.54       3122.22          16972.57
01:17        18168.44       3127.99          19383.33
01:18        17686.71       3146.64          21746.94
01:19        17087.85       3177.25          24040.62
01:20        16376.74       3217.38          26242.28
01:21        15560.27       3263.13          28331.13
01:22        14646.86       3309.51          30287.83
01:23        13646.27       3351.04           32094.3
01:24        12570.03       3382.46          33733.49
01:25        11432.35        3399.3          35189.65
01:26        10251.17       3398.39          36449.59
01:27         9048.63       3378.15          37504.79
01:28         7850.44       3338.63          38354.02
01:29         6683.92       3281.53          39005.63
01:30         5574.79       3210.02          39478.68
01:31          4543.5       3128.48          39802.17
01:32         3601.98       3042.21          40012.34
01:33         2751.54       2956.99          40148.52
01:34         1982.46       2878.56          40248.32
01:35         1275.26       2812.06          40343.15
01:36          603.14        2761.5          40454.89
01:37          -64.95       2729.31           40593.9
01:38         -761.22       2716.16          40758.51
01:39        -1516.36       2721.07          40935.59
01:40        -2357.24       2741.72          41101.85
01:41        -3305.18       2775.12          41225.62
01:42        -4374.44       2818.21          41269.09
01:43        -5571.19       2868.57          41190.88
01:44        -6893.07       2924.85          40949.01
01:45        -8329.39       2986.92          40503.88
01:46        -9862.21       3055.84             39821
01:47         11468.1       3133.45          38872.98
01:48        13120.16       3221.91          37640.57
01:49        14790.06       3323.09           36112.5
01:50        16449.43       3438.18          34284.71
01:51         18070.7       3567.29          32158.97
01:52        19627.09        3709.4          29741.81
01:53        21092.22       3862.48          27043.74
01:54        22439.56        4023.8           24079.2
01:55        23642.12       4190.39             20867
01:56        24672.38        4359.6          17431.16
01:57        25502.84       4529.53          13801.85
01:58        26106.96       4699.38          10016.21
01:59        26460.53       4869.68           6118.91
02:00        26543.44       5042.21           2162.17
02:01        26341.86       5219.81           -1794.8
02:02        25850.36       5406.06          -5687.44
02:03        25074.03       5604.84          -9448.35
02:04        24029.82       5819.97         -13010.93
02:05        22746.98       6054.84         -16313.72
02:06        21265.96       6312.16         -19304.86
02:07        19636.03       6593.71         -21946.14
02:08        17911.57       6900.22         -24215.77
02:09        16147.74       7231.12         -26109.45
02:10        14396.14       7584.45         -27639.59
02:11        12701.09       7956.73         -28832.77
02:12        11097.17       8342.94         -29726.09
02:13        -9608.06       8736.63         -30362.93
02:14        -8246.79       9130.19         -30788.91
02:15        -7017.07       9515.26         -31048.52
02:16        -5915.14       9883.24         -31182.78
02:17        -4931.84        225.85         -31227.93
02:18        -4054.32        535.66         -31215.06
02:19        -3267.24        806.49         -31170.23
02:20        -2553.33       1033.73         -31114.71
02:21        -1893.43       1214.52          -31064.9
02:22        -1266.52       1347.77         -31031.76
02:23         -649.89       1434.13         -31019.66
02:24           -20.2       1475.82         -31025.13
02:25          644.71       1476.31         -31035.86
02:26         1363.17       1440.01         -31030.82
02:27         2146.76       1371.72         -30981.78
02:28         2997.83       1276.14         -30856.57
02:29         3908.34       1157.36         -30623.61
02:30         4860.46       1018.48         -30256.89
02:31         5829.19        861.38         -29740.42
02:32         6786.59        686.84         -29070.92
02:33         7706.69        494.71         -28258.09
02:34         8570.12        284.44         -27322.31
02:35         9367.21         55.53          -26290.2
02:36        10099.12       9808.03         -25189.11
02:37        10776.58        9542.9         -24041.83
02:38        11416.82       9262.17         -22862.51
02:39        12039.42       8969.01         -21654.77
02:40        12662.09       8667.57         -20412.07
02:41        13297.29       8362.72         -19120.03
02:42        13950.29        8059.8         -17760.03
02:43        14618.89       7764.23         -16313.09
02:44        15294.56       7481.15         -14763.16
02:45        15964.53       7215.08         -13099.27
02:46        16614.12        6969.6         -11316.31
02:47        17228.67       6747.18          -9414.52
02:48        17794.78       6549.11           -7398.3
02:49        18300.55       6375.66           -5274.8
02:50        18735.22       6226.32          -3052.98
02:51        19088.42       6100.24           -743.39
02:52         19349.8       5996.54           1641.34
02:53        19509.18       5914.58           4085.64
02:54        19557.54       5853.98           6570.34
02:55        19488.47       5814.46           9072.72
02:56        19299.72       5795.51          11567.71
02:57        18994.09       5796.03          14029.91
02:58        18579.34       5813.92          16436.19
02:59        18066.83       5845.88          18767.91
03:00        17469.28       5887.37          21012.08
03:01        16798.28       5932.73          23161.12
03:02        16062.37       5975.31          25211.06
03:03        15266.19       6007.83          27158.93
03:04        14411.27        6022.6          29000.08
03:05        13497.87        6011.9          30726.42
03:06        12527.58       5968.44          32326.17
03:07        11505.63       5885.84          33785.23
03:08        10442.24       5759.33          35089.87
03:09         9352.67        5586.4          36229.92
03:10         8255.73       5367.23          37201.55
03:11          7171.4       5105.03          38009.13
03:12         6117.78       4805.82          38665.46
03:13         5108.35        4477.9          39190.62
03:14         4149.77       4130.95          39609.47
03:15         3240.58        3775.1          39948.42
03:16         2371.12       3419.99          40231.82
03:17         1524.43       3074.21          40478.62
03:18          678.12       2745.09          40699.47
03:19         -192.92       2438.83          40894.98
03:20        -1113.44        2160.9          41055.09
03:21         -2104.6       1916.38          41159.98
03:22        -3181.29       1710.21          41182.24
03:23        -4350.27       1547.15          41090.19
03:24        -5609.72       1431.42          40851.58
03:25        -6949.95       1366.29          40437.19
03:26        -8355.39       1353.46          39823.53
03:27        -9807.19       1392.76          38994.12
03:28         11285.8       1481.87          37939.38
03:29           12773       1616.44          36655.17
03:30        14252.86       1790.34          35140.62
03:31        15711.45       1996.14          33395.82
03:32        17135.52       2225.59          31420.22
03:33        18510.48       2470.23          29212.06
03:34        19818.26       2721.95          26769.25
03:35        21035.74       2973.54          24091.41
03:36        22134.02        3219.2          21182.88
03:37        23079.11       3454.95          18056.03
03:38        23833.84        3678.9          14734.21
03:39        24360.97       3891.33          11253.78
03:40        24627.09       4094.51           7664.62
03:41        24606.64       4292.39           4028.95
03:42        24285.66       4490.02            418.42
03:43        23664.59       4692.98          -3090.26
03:44        22759.78       4906.73           -6420.7
03:45         21603.4       5136.11          -9502.62
03:46        20241.78       5384.81         -12277.41
03:47        18732.18       5655.07         -14702.78
03:48        17138.46       5947.49         -16756.03
03:49         15525.9        6260.9         -18435.49
03:50        13955.96       6592.48         -19759.88
03:51        12481.44       6938.02         -20765.71
03:52        11142.75       7292.35            -21503
03:53        -9965.84       7649.89         -22029.93
03:54        -8961.85       8005.24         -22407.22
03:55        -8128.51       8353.72         -22693.04
03:56        -7452.77        8691.7         -22939.24
03:57        -6914.02       9016.72         -23189.14
03:58        -6487.09       9327.38         -23476.85
03:59        -6144.56       9623.01         -23827.74
04:00        -5858.06        9903.3         -24259.23
04:01         -5598.8        168.06          -24781.5
04:02        -5337.73        416.94         -25397.44
04:03        -5045.91        649.47         -26102.16
04:04        -4695.49           865         -26882.23
04:05        -4261.49       1062.73         -27715.36
04:06        -3723.98       1241.53         -28571.02
04:07        -3070.34       1399.76         -29412.32
04:08        -2296.77       1534.88         -30199.11
04:09         -1408.8       1643.26         -30891.66
04:10         -420.34       1720.15         -31454.47
04:11          648.36       1759.99         -31859.36
04:12         1773.55       1757.09         -32087.32
04:13         2931.12       1706.57            -32129
04:14         4099.37       1605.34         -31983.75
04:15          5261.1          1453         -31657.59
04:16          6404.6       1252.27         -31160.58
04:17         7523.65       1008.99         -30504.06
04:18         8616.49        731.61         -29698.27
04:19         9684.14        430.25         -28750.74
04:20        10728.36        115.58         -27665.72
04:21         11749.9       9797.67         -26444.58
04:22        12747.23       9485.08         -25087.05
04:23         13716.1       9184.15         -23592.68
04:24        14649.89       8898.86         -21962.29
04:25        15540.56       8630.89         -20198.76
04:26        16379.57       8380.07         -18307.09
04:27        17158.57       8145.06         -16293.97
04:28        17869.44       7924.02         -14167.08
04:29        18503.83       7715.37         -11934.82
04:30        19052.57       7518.24          -9606.68
04:31        19505.36       7332.82          -7194.24
04:32         19851.3       7160.35           -4712.5
04:33        20080.23       7002.87          -2180.91
04:34        20184.81       6862.81            376.64
04:35        20162.57       6742.48           2932.98
04:36        20017.39       6643.63           5460.16
04:37        19759.76       6567.14           7932.51
04:38        19405.72       6512.88          10329.65
04:39        18974.58       6479.65          12638.63
04:40         18486.1       6465.21          14854.71
04:41        17957.65       6466.21          16980.72
04:42        17401.89       6478.08           19025.2
04:43        16825.44       6494.84          20999.83
04:44        16228.42       6508.92          22916.55
04:45        15604.95       6511.27          24784.84
04:46        14944.43       6491.69          26609.32
04:47        14233.53       6439.56          28388.07
04:48        13458.74       6344.93          30111.79
04:49        12609.09       6199.64          31764.24
04:50        11678.78       5998.48          33323.91
04:51        10668.95       5739.93          34767.09
04:52          9588.1       5426.51          36071.57
04:53         8450.92        5064.5          37220.41
04:54         7275.49       4663.34          38204.57
04:55         6079.75       4234.74          39023.85
04:56         4877.95       3791.64          39685.54
04:57         3678.26        3347.4          40201.43
04:58         2482.09       2915.14           40583.9
04:59         1285.42       2507.24          40842.21
05:00           81.33       2134.99          40980.29
05:01        -1136.87       1808.26           40996.3
05:02        -2373.14       1535.08          40884.01
05:03        -3627.38       1321.29          40635.33
05:04        -4895.72       1170.06          40242.93
05:05        -6171.97       1081.65          39702.14
05:06        -7449.67       1053.34           39011.6
05:07        -8724.09       1079.64          38172.45
05:08        -9993.41       1152.82          37186.55
05:09        11258.85       1263.61           36054.2
05:10        12523.73       1402.12          34771.97
05:11        13791.55       1558.58          33331.24
05:12        15063.51       1724.09          31717.79
05:13        16335.78       1891.13          29912.69
05:14           17597       2053.77          27894.46
05:15        18826.46       2207.78          25642.51
05:16        19993.38       2350.45          23141.42
05:17        21057.68        2480.4          20385.68
05:18        21972.33       2597.36          17383.97
05:19        22687.18       2701.92          14162.43
05:20        23153.92       2795.39          10766.17
05:21        23331.47       2879.79           7258.58
05:22        23191.14       2957.84           3718.47
05:23        22721.02       3032.99            235.19
05:24        21928.81       3109.39          -3097.86
05:25           20843       3191.82          -6190.63
05:26           19512       3285.38          -8964.14
05:27        18001.13       3395.09         -11357.68
05:28         16387.6       3525.43         -13334.74
05:29        14753.79       3679.88         -14886.62
05:30         13179.6       3860.55         -16033.24
05:31        11734.81       4068.02         -16820.45
05:32        10472.77       4301.47         -17314.29
05:33        -9426.56       4558.97         -17592.89
05:34        -8608.19       4837.91         -17737.53
05:35        -8010.86       5135.56         -17824.51
05:36        -7613.59       5449.38         -17919.29
05:37        -7386.67       5777.31         -18073.59
05:38        -7296.76       6117.79         -18325.48
05:39        -7310.33       6469.61         -18701.42
05:40        -7395.13       6831.67         -19218.99
05:41        -7520.07       7202.66         -19888.99
05:42        -7654.22       7580.82         -20716.28
05:43        -7766.08       7963.66         -21699.26
05:44        -7823.72       8347.79         -22828.63
05:45           -7796       8728.83         -24086.33
05:46        -7654.55       9101.26         -25445.39
05:47        -7375.78       9458.45         -26870.93
05:48        -6942.49       9792.78         -28322.13
05:49         -6344.7         95.93         -29754.71
05:50        -5579.65        359.36         -31123.33
05:51        -4651.54        575.09         -32383.61
05:52        -3571.11        736.49         -33493.92
05:53        -2355.16        839.17         -34416.91
05:54        -1026.05        881.71         -35121.32
05:55          389.36        865.98         -35583.69
05:56         1861.36        797.14         -35789.92
05:57          3359.8        683.11         -35736.03
05:58         4856.75        533.69          -35427.7
05:59            6329        359.38         -34878.51
06:00         7759.65        170.25         -34107.07
06:01         9138.55       9974.89         -33133.71
06:02        10461.52       9779.69         -31977.43
06:03        11728.62        9588.6         -30653.61
06:04        12942.02       9403.19         -29172.91
06:05        14103.92       9223.06         -27541.26
06:06        15214.71        9046.5         -25760.62
06:07         16271.6       8871.12         -23830.42
06:08        17267.68       8694.51         -21749.41
06:09        18191.48       8514.71         -19517.77
06:10         19027.2       8330.54         -17139.57
06:11        19755.83       8141.76         -14625.08
06:12        20357.24        7949.1          -11992.6
06:13        20813.13       7754.17          -9269.24
06:14        21110.33        7559.2          -6490.02
06:15        21243.78       7366.83          -3695.41
06:16        21218.36       7179.69           -927.26
06:17        21049.09       7000.05           1775.75
06:18        20759.52       6829.49           4382.56
06:19        20378.75       6668.56           6872.88
06:20        19937.63       6516.72            9238.8
06:21        19464.89       6372.34          11484.51
06:22        18983.83       6232.87          13624.65
06:23        18509.86        6095.2          15681.49
06:24        18048.91       5955.93          17681.51
06:25        17596.82       5811.71          19651.56
06:26        17139.66       5659.37          21614.86
06:27        16655.11       5496.01          23587.05
06:28        16115.19       5318.94          25572.85
06:29        15489.95       5125.67          27563.83
06:30        14752.05       4913.97          29538.05
06:31        13881.27       4682.14          31462.04
06:32        12867.95       4429.43          33294.73
06:33        11714.68       4156.59          34993.01
06:34        10435.71       3866.39          36517.35
06:35         9054.26       3564.02          37836.53
06:36         7598.56        3257.1          38930.31
06:37         6097.79       2955.25          39789.83
06:38         4578.73       2669.37          40416.04
06:39         3063.84       2410.44           40817.1
06:40         1570.83       2188.36          41005.69
06:41          113.05       2010.74          40997.01
06:42        -1299.79       1882.09          40807.67
06:43        -2661.27       1803.44          40455.21
06:44        -3968.52        1772.4          39957.72
06:45        -5222.76       1783.72          39333.01
06:46         -6429.9       1830.16          38597.09
06:47        -7600.43       1903.52           37762.1
06:48         -8748.5       1995.68          36834.23
06:49        -9890.06       2099.48          35812.04
06:50        11040.33       2209.38          34685.82
06:51        12211.15       2321.76          33438.09
06:52         13408.5       2434.95          32045.19
06:53        14630.59       2548.95           30479.8
06:54        15866.63       2664.89          28713.95
06:55        17096.43       2784.45          26722.33
06:56        18290.64       2909.13          24485.68
06:57        19411.86       3039.74          21994.01
06:58        20416.44       3175.98          19249.59
06:59        21257.13        3316.3          16269.35
07:00        21886.35       3458.05           13086.5
07:01        22260.24       3597.76           9751.09
07:02        22342.95       3731.65           6329.14
07:03        22111.11       3856.08           2900.13
07:04        21557.84       3967.94           -447.22
07:05        20695.78       4064.93          -3620.95
07:06        19558.56       4145.63          -6533.28
07:07        18199.92       4209.53          -9108.65
07:08        16690.36       4256.95         -11291.56
07:09        15111.09       4289.04         -13052.63
07:10        13546.18       4307.82         -14391.94
07:11        12073.96       4316.29         -15338.43
07:12        10759.24       4318.51         -15945.64
07:13        -9647.89       4319.67         -16284.12
07:14        -8764.68       4325.89         -16432.42
07:15        -8114.72       4343.97         -16468.35
07:16         -7687.5       4380.79         -16462.23
07:17        -7462.44       4442.73         -16473.37
07:18        -7413.98       4534.94         -16549.57
07:19        -7515.15       4660.83         -16728.93
07:20        -7738.95       4821.65         -17042.47
07:21        -8057.79       5016.39         -17516.08
07:22        -8441.96       5241.93         -18171.02
07:23        -8858.28       5493.38         -19022.81
07:24        -9269.78       5764.62         -20079.04
07:25        -9636.66       6048.84          -21337.3
07:26        -9918.48       6339.18         -22783.72
07:27        10076.72       6629.17         -24393.01
07:28        10077.23       6913.13         -26129.48
07:29        -9892.05       7186.39         -27949.02
07:30        -9500.68       7445.34         -29801.13
07:31        -8891.06       7687.32         -31631.09
07:32        -8060.33       7910.45         -33382.12
07:33        -7015.64       8113.33         -34997.85
07:34        -5774.43        8294.8         -36425.37
07:35        -4364.01       8453.74         -37618.81
07:36        -2819.77       8589.04         -38542.77
07:37        -1182.02       8699.67         -39175.08
07:38          508.11       8784.87         -39507.88
07:39         2213.02       8844.41         -39546.64
07:40          3902.2       8878.74         -39307.26
07:41         5554.32       8889.17         -38811.78
07:42         7157.44       8877.74         -38083.71
07:43         8707.53       8847.08         -37144.07
07:44        10205.81        8800.1         -36008.64
07:45         11655.7       8739.67         -34686.91
07:46         13059.9       8668.31         -33182.45
07:47        14418.01       8587.96         -31494.34
07:48           15725       8499.85          -29619.4
07:49        16970.39       8404.44         -27554.82
07:50        18138.28       8301.44         -25300.88
07:51         19208.4        8189.8         -22863.74
07:52        20158.07       8067.83         -20257.57
07:53        20965.03       7933.25         -17505.85
07:54        21610.91        7783.4         -14641.15
07:55        22084.54        7615.4         -11703.15
07:56         22384.4       7426.47          -8735.06
07:57        22519.62       7214.23          -5778.92
07:58        22508.94          6977          -2870.76
07:59        22378.07        6714.1            -36.68
08:00         22155.7       6425.94           2709.42
08:01        21869.13       6114.22           5365.97
08:02         21540.5       5781.88           7941.88
08:03        21184.01       5433.09           10453.2
08:04        20804.66       5073.19          12919.06
08:05         20398.3        4708.5          15357.68
08:06        19952.87        4346.1          17782.83
08:07         19450.3       3993.39          20201.13
08:08        18868.97       3657.65           22610.3
08:09        18186.38       3345.38          24998.29
08:10        17381.89       3061.79          27343.45
08:11        16439.43        2810.4           29615.6
08:12        15349.87       2592.89          31778.07
08:13        14112.72       2409.36          33790.61
08:14        12737.15       2258.85          35612.86
08:15        11241.76       2140.09           37208.1
08:16         9653.42       2052.21          38546.64
08:17         8005.09       1995.19          39608.77
08:18         6332.96       1969.98          40386.55
08:19         4673.18       1978.12          40884.54
08:20         3058.52       2021.03          41119.23
08:21         1515.39        2099.1           41117.2
08:22           61.42       2210.95          40912.21
08:23        -1295.94       2352.91          40541.45
08:24        -2559.66       2519.11          40041.34
08:25        -3742.11       2701.98          39443.44
08:26        -4862.77       2893.21             38771
08:27        -5945.19       3084.84          38036.75
08:28        -7013.42       3270.37          37242.13
08:29        -8088.71       3445.56             36378
08:30        -9186.82       3608.77          35426.77
08:31        10316.33          3761          34365.18
08:32        11477.97       3905.34          33167.43
08:33        12664.82       4046.35          31808.04
08:34        13863.03       4189.18           30264.2
08:35        15052.88       4338.82          28517.57
08:36        16209.64        4499.3          26555.61
08:37         17304.4        4673.3          24372.74
08:38        18304.85       4861.69          21971.46
08:39        19176.21       5063.46          19363.73
08:40        19882.57       5275.67          16572.38
08:41        20388.97        5493.6           13632.3
08:42        20664.33       5710.95          10591.13
08:43        20685.02       5920.23            7508.6
08:44        20438.79       6113.17           4454.31
08:45        19928.37       6281.31           1503.47
08:46        19173.75       6416.64          -1269.21
08:47        18212.54       6512.25          -3796.73
08:48        17097.69       6563.04          -6027.07
08:49        15892.61       6566.25          -7929.12
08:50        14664.46        6521.8          -9495.83
08:51        13476.71       6432.34         -10743.81
08:52        12382.63       6303.06         -11709.46
08:53        11420.94        6141.1         -12442.35
08:54        10614.65       5954.84         -12997.58
08:55        -9972.89       5753.06         -13428.97
08:56        -9494.91       5544.15         -13784.55
08:57        -9174.67       5335.56         -14105.26
08:58        -9004.64       5133.32         -14426.27
08:59        -8977.44       4941.97         -14780.15
09:00         -9085.2       4764.61         -15199.82
09:01           -9317       4603.09         -15720.17
09:02        -9655.74       4458.28          -16377.2
09:03        10075.68       4330.45          -17204.9
09:04        10541.76       4219.58         -18230.65
09:05        11011.11       4125.73          -19470.6
09:06        11436.47       4049.48         -20926.29
09:07         11770.6       3992.23         -22583.34
09:08        11970.57       3956.41          -24412.5
09:09        12001.21       3945.52         -26372.44
09:10        11837.03       3963.79         -28413.57
09:11        11462.81       4015.55         -30481.99
09:12        10873.16       4104.38         -32522.89
09:13        10071.43       4232.14         -34483.22
09:14        -9068.59       4398.13         -36313.69
09:15           -7882       4598.62         -37970.35
09:16        -6534.23       4826.79         -39415.89
09:17         -5051.7       5073.32         -40620.75
09:18        -3463.07       5327.29         -41563.93
09:19        -1797.33       5577.49          -42233.2
09:20          -81.99       5813.57         -42624.57
09:21         1658.69       6027.11         -42741.03
09:22         3404.81       6212.23         -42590.64
09:23         5141.37       6365.78         -42184.23
09:24         6857.99       6487.12         -41533.17
09:25         8547.97       6577.61         -40647.44
09:26        10206.82       6639.86         -39534.35
09:27        11830.56       6677.07         -38198.06
09:28        13413.95       6692.38         -36640.02
09:29        14949.04        6688.3         -34860.13
09:30        16424.31       6666.37         -32858.61
09:31        17824.58       6626.92         -30638.21
09:32         19131.8       6569.05         -28206.22
09:33        20326.68        6490.7         -25576.06
09:34        21390.95       6388.91         -22767.81
09:35        22309.67       6260.24         -19807.59
09:36        23073.17        6101.2         -16725.76
09:37        23678.19       5908.84         -13554.27
09:38        24127.73       5681.23         -10323.68
09:39        24429.75       5417.88          -7060.59
09:40        24595.02        5120.1          -3785.93
09:41        24634.42       4791.17           -514.65
09:42        24556.58       4436.35           2743.33
09:43        24366.19       4062.74           5980.98
09:44         24063.4       3679.06           9191.63
09:45         23644.4       3295.16           12366.5
09:46        23102.82       2921.54          15492.81
09:47        22431.64       2568.68          18553.01
09:48         21625.1        2246.4          21524.92
09:49        20680.19       1963.26          24382.74
09:50        19597.56       1726.05          27098.48
09:51        18381.88       1539.49          29643.51
09:52        17041.81        1406.1          31989.76
09:53        15589.94       1326.35          34110.84
09:54        14042.78       1298.93          35982.81
09:55        12420.98       1321.08          37585.28
09:56         10749.5       1389.07          38902.79
09:57         9057.44       1498.51          39926.64
09:58         7377.03        1644.7          40657.03
09:59         5741.64       1822.85          41104.87
10:00         4182.76       2028.25           41292.8
10:01         2726.29       2256.35           41254.6
10:02         1388.88        2502.8          41032.76
10:03          175.18       2763.52          40674.21
10:04         -923.27       3034.61           40224.8
10:05        -1927.04       3312.38          39723.53
10:06        -2865.71        3593.3          39197.62
10:07        -3773.22       3874.09          38659.45
10:08        -4682.64       4151.74          38105.95
10:09         -5621.3       4423.69          37520.52
10:10        -6607.35       4687.94          36876.77
10:11        -7648.03       4943.26          36143.37
10:12        -8739.83       5189.31          35288.83
10:13        -9870.17       5426.63           34285.4
10:14        11019.72       5656.62          33111.73
10:15           12165       5881.37          31754.13
10:16         13280.5       6103.33          30206.86
10:17        14340.33       6325.01          28471.77
10:18        15319.36       6548.42          26557.81
10:19        16194.07       6774.58          24480.55
10:20        16943.43       7002.96          22261.66
10:21        17549.75       7230.92          19928.31
10:22        17999.68       7453.34          17512.32
10:23        18285.06       7662.57          15048.87
10:24         18403.5       7848.66          12575.01
10:25        18358.69       8000.19          10127.99
10:26        18160.34       8105.39           7743.57
10:27        17823.82       8153.56            5454.5
10:28        17369.57       8136.49           3289.04
10:29         16822.3       8049.64            1269.7
10:30        16209.87       7892.73           -587.95
10:31         15561.9       7669.68          -2276.16
10:32        14908.08       7387.88          -3795.46
10:33         14276.4       7056.97           -5154.5
10:34        13691.54       6687.45          -6369.16
10:35        13173.76        6289.3          -7461.17
10:36        12738.53       5871.14          -8456.38
10:37        12396.68       5439.79          -9383.36
10:38        12154.97       5000.43         -10272.37
10:39        12016.55       4557.05         -11154.99
10:40        11980.74       4113.14         -12064.07
10:41        12042.21       3672.22          -13033.4
10:42        12189.49       3238.18         -14096.61
10:43        12403.62       2815.42         -15284.87
10:44        12657.47       2408.65         -16623.56
10:45        12916.63       2022.78         -18128.36
10:46        13141.95       1662.64         -19801.98
10:47        13293.45          1333         -21632.33
10:48        13334.91       1038.48         -23592.94
10:49        13237.92         783.7         -25645.73
10:50        12984.51        573.18         -27745.58
10:51        12567.69        411.23         -29845.57
10:52           11990        301.63         -31901.73
10:53         11260.6        247.16          -33876.3
10:54        10391.85        249.09         -35738.93
10:55        -9396.34        306.73         -37466.13
10:56        -8285.05        417.16         -39039.38
10:57        -7066.81        575.24         -40442.99
10:58        -5748.93        773.85         -41662.22
10:59        -4338.35       1004.44         -42682.41
11:00        -2842.93        1257.7         -43488.96
11:01        -1272.31       1524.35         -44068.02
11:02          361.91       1795.83         -44407.58
11:03          2046.5       2064.95         -44498.33
11:04         3767.43        2326.2          -44334.2
11:05         5510.72       2575.89         -43912.37
11:06         7263.26          2812         -43232.73
11:07         9013.23       3033.77         -42297.03
11:08        10750.09       3241.17         -41107.88
11:09        12464.12       3434.31         -39667.93
11:10        14145.48        3612.9         -37979.41
11:11         15783.3       3775.85         -36044.32
11:12        17364.71       3921.14         -33865.25
11:13        18874.56       4045.92         -31446.67
11:14        20295.64       4146.72         -28796.44
11:15        21609.77       4219.97         -25926.91
11:16        22799.21       4262.43         -22855.42
11:17        23848.16       4271.66         -19603.77
11:18        24743.91       4246.38         -16196.99
11:19           25477       4186.71         -12661.58
11:20        26040.66       4094.32          -9024.14
11:21        26429.66       3972.36          -5310.53
11:22        26638.96       3825.36          -1546.23
11:23        26663.04       3659.04           2242.58
11:24        26495.96       3479.96           6027.55
11:25         26132.5       3295.19           9776.91
11:26        25569.84       3111.89          13455.21
11:27        24809.39       2936.91          17024.18
11:28        23858.01       2776.44          20444.56
11:29        22728.41       2635.72          23678.44
11:30        21438.52       2518.93          26691.57
11:31        20010.18       2429.14          29454.81
11:32        18467.76       2368.34          31944.93
11:33        16836.94       2337.55          34144.45
11:34        15144.17       2336.87          36041.34
11:35        13416.63       2365.55          37628.72
11:36        11682.54       2421.96          38905.23
11:37         9971.12       2503.64          39875.91
11:38          8312.1       2607.38          40553.46
11:39         6734.34       2729.46          40959.41
11:40         5263.59       2865.99          41124.57
11:41         3919.93       3013.35          41088.34
11:42         2715.04       3168.72          40896.67
11:43         1650.23       3330.42          40598.65
11:44          715.42       3498.07          40242.16
11:45          -110.4        3672.5          39869.16
11:46         -857.25       3855.29          39511.32
11:47        -1560.86       4048.17          39186.72
11:48        -2258.48       4252.32          38898.18
11:49        -2984.53       4467.71          38633.59
11:50        -3766.51       4692.84          38368.14
11:51        -4622.12       4924.61          38068.05
11:52        -5557.69       5158.66          37695.29
11:53        -6568.32       5389.85          37212.39
11:54        -7639.36       5612.83          36586.66
11:55        -8748.85       5822.57          35793.31
11:56        -9870.56       6014.63          34817.21
11:57        10976.88       6185.29          33653.33
11:58         12041.5       6331.41          32306.08
11:59        13041.46       6450.23          30787.81
12:00        13958.51       6539.24           29116.8
12:01        14779.95       6596.07          27315.07
12:02        15498.62       6618.56          25406.03
12:03        16112.41        6604.9          23412.44
12:04         16623.1       6553.79          21354.89
12:05         17034.9       6464.51          19250.85
12:06        17352.97       6336.86          17114.68
12:07        17582.14       6171.01          14958.33
12:08        17726.34       5967.33          12792.54
12:09        17788.72        5726.2          10628.14
12:10        17772.45       5448.02           8476.85
12:11        17681.81       5133.38           6351.45
12:12        17523.26       4783.37           4265.16
12:13        17305.99       4399.93           2230.35
12:14        17041.92       3986.15            257.16
12:15         16745.1       3546.36          -1647.77
12:16        16430.71       3086.04          -3482.14
12:17        16114.07       2611.47          -5248.34
12:18        15809.64       2129.32          -6953.48
12:19        15530.15       1646.21          -8609.25
12:20        15285.63       1168.38         -10231.68
12:21        15082.24        701.47         -11840.65
12:22        14920.93         250.5         -13458.82
12:23        14795.97       -180.18         -15109.77
12:24        14694.17       -586.88         -16815.18
12:25        14594.89       -966.72         -18591.38
12:26        14471.62       1317.74          -20445.9
12:27         14294.9       1639.13         -22374.79
12:28        14036.17       1931.21         -24361.74
12:29        13671.94       2195.38         -26379.25
12:30        13187.06       2433.71         -28391.91
12:31        12576.44       2648.37         -30361.01
12:32        11844.84       2841.05         -32249.59
12:33        11004.66       3012.35         -34026.67
12:34        10072.63       3161.42         -35669.82
12:35           -9066       3285.97         -37165.65
12:36         -7999.4       3382.53         -38508.41
12:37         -6882.8       3446.99         -39697.24
12:38        -5721.08       3475.25         -40732.99
12:39        -4514.87       3463.79         -41615.42
12:40         -3262.4       3410.13         -42341.46
12:41        -1961.61       3313.03         -42904.64
12:42         -612.01       3172.41          -43295.8
12:43          784.16       2989.23         -43504.58
12:44         2221.62       2765.15         -43521.25
12:45         3692.73       2502.31         -43338.36
12:46         5188.69       2203.17         -42951.67
12:47          6701.1       1870.45         -42360.24
12:48         8223.33       1507.24         -41565.52
12:49          9751.2        1117.2         -40569.78
12:50        11283.03        -704.8         -39374.14
12:51        12818.53       -275.61         -37976.84
12:52        14357.14        163.53         -36372.22
12:53        15895.88        604.52         -34550.67
12:54        17427.33       1038.24         -32499.83
12:55        18938.25       1455.01         -30206.78
12:56        20409.01        1845.4         -27660.79
12:57         21814.1       2201.07         -24856.19
12:58        23123.58       2515.69         -21794.83
12:59        24305.05       2785.66          -18487.8
13:00           25326       3010.47         -14956.14
13:01        26156.06       3192.64         -11230.68
13:02        26768.95        3337.2          -7351.09
13:03        27144.11       3450.88          -3364.35
13:04        27267.92       3541.05            677.29
13:05        27134.41       3614.82           4718.56
13:06        26745.58       3678.29            8703.7
13:07        26111.18       3736.14          12578.89
13:08        25247.91       3791.57          16294.61
13:09        24178.22       3846.44          19807.43
13:10        22928.73       3901.61          23081.22
13:11        21528.57       3957.15          26087.57
13:12        20007.99       4012.61          28805.61
13:13        18397.34       4066.98          31221.29
13:14        16726.58       4118.81          33326.64
13:15        15025.22       4166.14          35119.31
13:16        13322.37       4206.64          36602.44
13:17         11646.7       4237.85          37785.09
13:18        10026.01       4257.43           38682.8
13:19         8486.22       4263.63          39318.21
13:20         7050.01       4255.56          39721.09
13:21         5735.05       4233.44          39927.74
13:22         4552.36       4198.73          39979.51
13:23         3504.97       4154.03           39920.5
13:24         2587.07       4102.84          39794.71
13:25         1784.06       4049.27          39642.79
13:26          1073.2       3997.64          39498.88
13:27          425.23       3951.97          39387.73
13:28         -193.35       3915.54          39322.51
13:29         -817.48       3890.47          39303.46
13:30         -1480.3        3877.3          39317.84
13:31        -2209.99       3874.85          39341.03
13:32        -3026.93       3880.18          39338.99
13:33        -3941.67       3888.89          39271.79
13:34         -4954.1       3895.59          39097.75
13:35        -6053.81       3894.64          38777.74
13:36        -7221.82       3880.79          38278.98
13:37        -8433.22       3849.88           37577.7
13:38        -9660.28       3799.24          36660.59
13:39        10875.59       3727.77           35524.6
13:40        12054.57       3635.74          34175.67
13:41        13177.08       3524.43           32626.5
13:42        14228.09       3395.52          30894.11
13:43         15197.3       3250.71           28997.5
13:44        16078.22       3091.33          26955.92
13:45        16866.86       2918.26          24787.91
13:46        17560.55       2732.07          22510.98
13:47        18157.06       2533.15          20141.92
13:48        18654.21       2322.02          17697.41
13:49        19049.99       2099.41          15194.62
13:50        19343.06       1866.32          12651.57
13:51        19533.44       1623.78          10087.16
13:52        19623.23       1372.65           7520.65
13:53        19617.01       1113.32           4970.93
13:54        19522.03        845.49           2455.42
13:55        19347.87        568.18            -10.93
13:56        19105.85        279.86          -2416.49
13:57        18808.19        -21.12          -4753.48
13:58        18467.16       -336.08          -7018.11
13:59        18094.25       -665.42          -9210.43
14:00        17699.48        1008.2         -11333.94
14:01        17290.84       1361.88         -13395.07
14:02        16873.72       1722.33         -15402.58
14:03        16450.29        2084.2         -17366.73
14:04        16018.97       2441.49          -19298.3
14:05        15573.87       2788.39         -21207.12
14:06        15104.75       3120.08         -23100.32
14:07        14597.51       3433.48         -24980.41
14:08        14035.49       3727.67          -26843.5
14:09        13401.54       4003.98         -28678.21
14:10        12680.59       4265.67         -30465.61
14:11        11862.29       4517.16         -32180.46
14:12        10943.03       4763.19         -33793.75
14:13        -9926.94       5007.68         -35275.95
14:14        -8825.58       5252.85          -36600.6
14:15         -7656.3       5498.58         -37747.27
14:16        -6439.68       5742.05         -38703.35
14:17        -5196.73       5977.88         -39464.48
14:18        -3946.36       6198.59         -40033.58
14:19        -2703.66       6395.29         -40418.87
14:20         -1479.3       6558.52          -40631.6
14:21         -279.87       6679.16         -40684.01
14:22          891.19       6749.13         -40587.98
14:23         2032.45       6762.02         -40354.56
14:24         3143.79        6713.4         -39994.17
14:25         4226.09       6601.03         -39517.08
14:26         5281.76       6424.79         -38933.75
14:27         6315.53       6186.49         -38254.61
14:28         7335.33       5889.52         -37489.05
14:29         8352.82       5538.46         -36643.68
14:30         9383.06       5138.62         -35720.14
14:31        10443.26       4695.66         -34713.06
14:32        11550.47       4215.23         -33608.61
14:33        12718.69       3702.78         -32384.27
14:34        13955.72       3163.54         -31010.07
14:35        15260.39       2602.59         -29451.37
14:36        16620.82       2025.15         -27672.87
14:37        18014.05       1436.87         -25643.13
14:38        19407.14       -844.04         -23339.13
14:39        20759.76        -253.8         -20749.81
14:40        22027.52        325.98         -17878.28
14:41        23165.82        886.97         -14742.34
14:42        24133.33        1420.9         -11373.46
14:43        24894.76       1920.23          -7814.57
14:44        25422.85       2378.85          -4117.17
14:45        25699.39       2792.67           -338.32
14:46        25715.59       3159.96           3462.33
14:47        25472.03       3481.46           7225.21
14:48        24978.22          3760          10893.21
14:49         24251.9       4000.02          14414.02
14:50        23317.87       4206.66          17742.17
14:51        22206.47       4385.01          20840.81
14:52        20951.53       4539.33          23682.91
14:53        19588.16       4672.48          26251.66
14:54         18150.6       4785.68             28540
14:55        16670.51       4878.59          30549.32
14:56        15175.92       4949.51          32287.74
14:57        13691.04       4995.91          33768.29
14:58        12236.54       5014.93          35007.48
14:59        10830.11       5003.85           36024.5
15:00         9486.88       4960.57          36840.91
15:01         8219.42       4883.89          37480.73
15:02         7037.18       4773.73          37970.46
15:03         5945.59       4631.21          38338.74
15:04         4944.99       4458.68          38615.36
15:05         4029.79       4259.58          38829.76
15:06         3188.09       4038.26          39008.96
15:07         2401.85        3799.7          39175.38
15:08         1647.78        3549.1          39344.55
15:09          898.83       3291.49          39523.22
15:10          126.22       3031.35          39707.92
15:11         -697.94       2772.33          39884.21
15:12        -1597.81       2517.07          40027.04
15:13         -2590.8       2267.32           40102.2
15:14           -3685       2024.15          40069.28
15:15        -4877.47       1788.32           39885.7
15:16        -6153.87       1560.67           39511.6
15:17        -7489.78       1342.52          38914.65
15:18        -8853.65        1135.8          38074.03
15:19        10210.94        943.14          36982.67
15:20        11528.56         767.6          35647.34
15:21        12778.89        612.28          34086.44
15:22        13942.42         479.9          32326.23
15:23        15008.54        372.21          30396.25
15:24        15974.58        289.57          28325.07
15:25        16843.46        230.66          26137.16
15:26        17620.73         192.3          23851.56
15:27        18311.81        169.57          21482.11
15:28        18920.08        156.07          19039.04
15:29        19446.18        144.34          16531.03
15:30        19888.36        126.48          13967.15
15:31        20243.66          94.8          11358.05
15:32         20509.3         42.39           8716.23
15:33        20683.84        -36.26           6055.44
15:34        20767.83       -144.93            3389.6
15:35        20763.68       -285.48            731.62
15:36         20675.1       -457.91          -1907.37
15:37        20506.29       -660.61          -4518.24
15:38        20261.14       -890.77          -7093.53
15:39        19942.86       1144.81          -9626.74
15:40        19554.03       1418.83         -12111.53
15:41        19097.02       1708.97         -14541.27
15:42        18574.45       2011.56         -16909.01
15:43        17989.59        2323.3         -19208.01
15:44        17346.16       2641.25          -21432.4
15:45        16647.67       2962.86         -23577.86
15:46        15896.26       3285.95         -25641.63
15:47        15091.52       3608.79         -27621.78
15:48        14229.69       3930.16         -29515.69
15:49        13303.66        4249.4         -31317.96
15:50        12304.07       4566.37         -33018.41
15:51        11221.43       4881.33          -34600.8
15:52        10048.75       5194.68         -36042.74
15:53        -8784.31       5506.59         -37317.12
15:54         -7433.6       5816.63         -38394.87
15:55         -6010.3       6123.32         -39248.44
15:56        -4535.68        6423.9         -39855.52
15:57        -3036.93       6714.13         -40201.99
15:58        -1544.54       6988.35         -40283.86
15:59          -89.45       7239.72          -40107.8
16:00         1299.63       7460.64         -39690.46
16:01         2598.35        7643.3         -39056.87
16:02          3788.2       7780.27         -38238.42
16:03         4857.36       7865.17         -37270.55
16:04         5801.07       7893.11         -36190.52
16:05          6621.6       7861.04         -35035.34
16:06         7327.93       7767.71         -33839.72
16:07         7935.05       7613.48         -32634.24
16:08         8463.02       7399.73         -31443.72
16:09         8935.63        7128.2         -30286.02
16:10         9378.98       6800.35         -29171.22
16:11         9819.98       6416.87         -28101.34
16:12        10284.94       5977.56         -27070.49
16:13        10798.41       5481.66         -26065.24
16:14        11382.05       4928.58         -25065.21
16:15        12053.59       4318.95         -24043.61
16:16        12825.63       3655.68         -22967.97
16:17         13704.2       2944.82         -21801.11
16:18        14687.26       2196.07         -20502.79
16:19        15763.24       1422.57         -19031.96
16:20        16910.11       -640.27         -17349.99
16:21        18095.31         133.3         -15424.39
16:22        19276.79        880.45         -13232.85
16:23        20405.48       1584.72         -10766.83
16:24        21428.79       2232.14          -8034.25
16:25           22295       2812.04          -5060.61
16:26        22957.98       3317.48          -1888.27
16:27        23381.44       3745.27           1426.18
16:28        23542.33       4095.71           4816.18
16:29        23432.71       4372.08           8210.64
16:30        23059.95       4580.09          11539.77
16:31        22445.12        4727.2          14740.46
16:32        21620.06       4821.99          17760.62
16:33        20623.46       4873.45          20561.84
16:34        19496.79       4890.27          23120.18
16:35        18280.57       4880.24          25425.39
16:36        17011.52       4849.65          27478.82
16:37        15720.85       4802.92          29290.77
16:38        14433.53       4742.39          30877.73
16:39        13168.38        4668.4          32260.04
16:40         11938.6       4579.53          33460.04
16:41        10752.33       4473.11          34500.76
16:42         9613.26       4345.87          35404.89
16:43         8521.08       4194.53          36193.97
16:44         7471.89        4016.5          36887.61
16:45         6458.65       3810.42           37502.8
16:46         5471.59        3576.5          38053.27
16:47         4498.62       3316.69          38549.01
16:48         3525.68        3034.6          38995.75
16:49         2537.04       2735.21          39394.34
16:50         1515.89       2424.39          39739.96
16:51          445.29       2108.39          40021.09
16:52         -690.09       1793.32          40218.86
16:53        -1901.55       1484.74          40306.98
16:54        -3193.58        1187.5          40253.13
16:55        -4561.27        905.72          40021.86
16:56        -5988.85        642.94          39579.03
16:57        -7450.02        402.32          38897.08
16:58        -8910.41         186.8          37959.97
16:59        10331.99         -0.89          36766.64
17:00        11678.45       -158.36           35331.9
